[PARIS]
maxlon = 2.416740
minlon = 2.251700
maxlat = 48.903767
minlat = 48.811945

[SPECIFIC]
maxlon = 2.309047
minlon = 2.298382
maxlat = 48.847149
minlat = 48.835894
